14,6,11,0
26,7,11,14
27,21,28,3
14,0,5,25
27,6,13,17
25,16,4,3
12,21,4,15
27,6,4,6
12,7,28,1
6,21,10,1
19,19,11,27
28,21,23,19
20,21,25,6
23,0,9,1
11,1,23,22
26,21,4,27
13,1,27,16
28,7,24,1
7,21,5,3
27,7,23,25
5,15,24,1
24,7,10,1
26,7,20,22
12,0,5,14
25,19,28,1
9,7,24,1
23,7,28,4
12,6,25,1
24,9,9,11
23,9,9,14
5,21,25,25
24,7,28,3
23,7,28,1
24,0,5,25
28,15,4,25
7,2,25,10
20,7,5,3
6,15,5,25
27,21,23,28
3,9,28,3
7,21,10,1
20,9,27,22
28,21,25,14
24,9,28,3
28,2,25,25
15,27,15,4,25,7,12,28
15,13,19,5,13,9,22,25
20,23,28,4,16,15,23,2
7,4,4,0,28,12,14,13
26,15,28,24,15,3,14,2
4,11,18,1,16,24,12,17
25,11,10,5,1,27,14,23
6,5,4,27,13,9,14,23
7,4,18,24,22,3,16,20
13,25,11,10,1,15,28,2
7,25,14,16,18,26,5,8
25,11,10,19,1,23,22,25
17,10,1,19,13,9,2,28
6,27,3,10,26,5,14,23
17,10,1,21,7,9,14,23
15,27,18,11,13,4,16,2
14,13,10,25,13,22,22,25
21,6,13,13
14,2,21,16
5,21,1,16
21,0,7,9
24,7,15,28
19,21,6,28
15,6,17,16
19,0,24,17
19,7,1,14
13,21,12,14
26,19,13,11
14,0,25,12
6,21,25,3
1,0,11,14
18,1,25,6
4,21,6,11
13,7,25,6
6,7,26,14
16,7,21,23
14,21,7,16
27,7,13,28
12,15,26,14
19,0,7,27
3,19,1,14
21,7,15,28
19,21,12,14
12,21,27,9
15,15,6,23
14,11,25,1
14,2,27,23
27,7,7,16
5,21,25,12
27,9,0,6
6,21,27,27
6,2,27,9
19,21,2,4,0
23,16,9,22,3
21,14,2,4,12
10,14,2,25,17
21,21,0,20,6
13,16,9,1,3
8,14,3,25,6
15,20,23,24,3
13,8,3,20,24
4,9,28,25,27
4,18,9,4,12
20,23,14,19,12
4,24,17,25,17
23,21,3,23,27
15,0,3,28,3
21,16,23,9,13
23,0,3,28,3
13,8,0,11,0
8,0,17,25,17
5,21,27,24,26
11,6,13,11,0
24,14,27,6,5
24,25,18,11,12
4,7,1,13,5
4,5,9,28,6
19,6,3,25,17
5,23,0,4,0
27,21,23,9,3
25,22,15,10,6
10,23,15,10,24
1,4,18,18,25
5,28,25,7,28
3,26,18,18,8
21,26,18,10,13
3,4,16,5,2
24,28,25,15,28
19,26,19,10,2
26,3,10,9,28
24,20,19,5,20
15,21,15,10,23
15,1,25,18,8
15,7,4,10,13
5,4,19,8,23
26,12,19,13,28
3,28,10,23,9
5,12,19,13,28
24,20,16,25,25
19,12,4,10,13
16,4,14,9,22
22,18,0,25,25
6,26,14,20,1
6,8,5,25,8
15,19,17,27,1
15,17,25,13,2
1,18,19,10,13
16,6,16,18,25
9,4,10,23,28
7,5,2,24,2
21,6,2,24,20
28,13,27,10,4
3,8,5,28,7
1,6,27,10,16
19,6,27,2,21
1,13,25,26,10
22,8,5,7,7
17,6,28,2,10
24,12,19,1,7
22,0,28,26,28
13,1,24,2,2
13,10,5,10,16
0,15,10,25,16
13,16,13,2,21
3,13,28,0,2
24,21,28,5,7
1,8,19,15,17
3,21,28,5,7
22,0,25,17,4
17,21,13,2,21
14,13,23,1,1
20,27,9,17,4
4,6,23,12,9
4,17,14,17,16
13,28,26,19,9
13,26,5,5,10
28,27,28,2,21
14,15,25,10,4
7,13,19,15,7
5,14,11,16,10
19,15,11,16,28
2,18,24,23,6,10
20,28,23,14,3,15
23,18,23,28,27,8
22,10,21,8,12,8
5,14,8,22,0,5
7,9,25,2,10,23
14,9,24,22,15,13
28,4,13,16,21,27
20,23,10,28,10,13
2,3,13,9,13,12
25,9,18,13,27,16
23,5,25,2,25,8
19,18,13,16,27,27
2,3,13,24,27,16
4,18,8,12,27,8
7,10,27,26,8,15
19,10,9,14,7,15
19,24,24,14,25,5
3,24,12,16,6,10
14,4,2,1,6,10
20,9,24,0,12,16
20,4,25,2,10,23
6,25,12,8,6,22
9,10,8,12,13,24
21,24,23,0,26,13
18,24,13,17,13,22
28,4,13,22,22,13
5,18,18,17,27,8
28,23,15,0,1,13
20,28,18,17,0,16
1,18,13,24,27,16
6,5,11,3,15,1
24,15,10,23,12,6
27,5,10,8,7,28
26,26,8,17,21,28
9,1,24,2,9,25
11,25,12,11,19,14
18,25,11,2,24,4
3,20,0,25,1,18
24,10,26,8,19,4
6,19,0,18,22,3
0,25,5,22,7,7
27,21,12,11,5,28
23,5,0,25,7,18
6,19,0,4,7,7
8,5,24,21,7,28
11,26,14,6,17,6
23,26,25,23,16,6
23,11,11,23,5,25
7,11,28,25,15,1
18,20,18,10,15,1
24,25,11,9,21,7
24,20,12,11,19,14
10,12,28,17,15,13
13,26,24,21,22,15
25,11,10,9,6,4
22,11,0,26,22,13
3,20,0,2,2,4
9,5,5,26,7,28
3,10,2,9,10,4
24,15,5,26,9,7
28,1,23,12,21,11
17,11,22,3,18,16
20,1,22,17,13,9
19,22,20,26,27,9
2,26,7,11,15,6
4,21,24,20,25,24
11,21,23,11,1,14
25,16,12,5,7,28
17,6,9,17,25,14
28,15,12,27,28,13
22,21,17,2,13,17
20,17,24,20,11,9
16,1,12,5,13,28
28,15,12,13,13,17
4,22,26,15,23,16
16,22,8,3,22,16
16,7,23,3,11,6
0,7,11,5,21,11
11,16,1,19,21,11
17,21,23,18,27,17
17,16,24,20,25,24
3,8,11,26,21,23
6,22,7,1,28,25
18,7,22,18,12,14
15,7,12,6,28,23
25,16,12,11,8,14
2,1,17,6,13,9
25,6,14,18,16,14
17,11,17,6,15,17
27,1,12,13,13,17
27,20,13,3,16,16
16,1,12,23,13,21
19,20,12,8,8,14
18,12,10,17,22,14
1,16,26,2,10,11
3,11,14,11,20,0
10,11,13,2,25,19
24,6,2,25,2,4
16,25,28,8,20,19
27,5,2,18,23,18
21,11,7,22,8,22
19,7,14,11,6,14
15,20,2,25,8,4
27,5,2,4,8,22
0,20,26,21,8,14
3,12,16,6,18,21
15,12,27,23,17,21
15,26,13,23,6,11
28,26,1,25,16,16
10,6,20,10,16,16
16,11,13,9,22,22
16,6,14,11,20,0
2,27,1,17,16,28
5,12,26,21,23,1
17,26,12,9,7,19
14,26,2,26,23,28
24,6,2,2,3,19
1,20,7,26,8,14
24,25,4,9,11,19
16,1,7,26,10,22
26,20,2,4,8,22
14,18,8,23,8,3
3,28,7,14,5,8
6,18,7,28,0,1
5,10,5,8,14,1
17,14,21,22,2,27
19,9,9,2,12,16
26,9,8,22,17,6
11,4,26,16,23,20
3,23,23,28,12,6
14,3,26,9,15,5
8,9,2,13,0,9
6,5,9,2,27,1
2,18,26,16,0,20
14,3,26,24,0,9
16,18,21,12,0,1
19,10,11,26,10,8
2,10,22,14,9,8
2,24,8,14,27,27
15,24,25,16,8,3
26,4,15,1,8,3
3,9,8,0,14,9
3,4,9,2,12,16
18,25,25,8,8,15
21,10,21,12,15,17
4,24,7,0,28,6
1,24,26,17,15,15
11,4,26,22,24,6
17,18,2,17,0,1
11,23,28,0,3,6
3,28,2,17,2,9
13,18,26,24,0,9
7,11,16,10,12
11,6,23,28,15
9,4,16,10,24
27,4,16,2,0
9,11,14,26,18
1,6,23,7,15
25,4,17,2,18
3,10,8,1,15
1,27,17,26,7
21,28,13,2,10
21,8,23,10,24
8,13,28,25,24
21,14,2,2,0
11,11,17,0,10
3,19,17,5,15
9,6,8,15,25
11,19,17,5,15
1,27,14,17,12
25,19,2,2,0
22,11,12,1,9
28,25,27,17,12
12,15,3,17,24
21,26,15,19,17
21,24,23,5,18
7,25,17,2,0
22,13,14,10,12
15,11,8,15,15
13,12,0,16,18
27,13,0,16,7
5,21,7,2,22
9,16,14,20,25
7,14,7,2,5
25,14,7,23,10
7,21,5,18,28
28,16,14,28,25
23,14,8,23,28
1,20,28,22,25
28,8,8,18,17
19,9,4,23,20
19,18,14,2,5
6,23,19,17,5
19,24,22,23,10
9,21,8,21,20
1,0,8,26,25
7,16,28,7,6
9,0,8,26,25
28,8,5,9,22
23,0,22,23,10
20,21,3,22,19
26,6,18,9,22
10,14,3,4,27
10,25,23,9,5
19,7,6,11,27
19,5,14,26,28
5,6,8,23,10
20,23,5,2,22
13,21,28,7,25
11,22,20,8,28
25,23,20,8,17
28,23,7,15
11,24,7,0
23,18,7,27
12,23,9,16
28,17,1,11
10,4,0,18
22,23,11,18
12,23,0,21
20,9,6,16
21,17,19,14
8,17,5,16
25,18,19,8
22,24,0,13
27,18,23,2
20,24,19,8
21,9,1,18
5,24,7,1
12,24,19,11
19,3,20,16
9,24,6,16
26,17,1,0
10,7,24,16
23,24,20,16
28,24,9,1
8,24,24,19
26,23,21,16
9,26,5,26
20,3,9,16
26,9,6,16
8,26,5,0
19,9,21,11
9,24,24,18
22,3,0,25
13,3,0,11
9,28,1,18
5,24,1,18
17,26,24,18
13,9,21,0
15,3,4,16
9,26,24,18
13,19,21,11
21,10,28,3,8,0
10,20,27,23,5,5
13,10,27,8,0,27
12,2,25,17,14,27
24,6,12,2,2,24
26,1,0,11,12,13
4,1,28,2,17,3
18,25,17,25,23,17
10,15,14,8,12,3
21,24,17,18,15,2
15,1,22,22,0,6
13,26,0,11,27,27
9,10,17,25,0,17
21,24,17,4,0,6
23,10,12,21,0,27
26,2,2,6,10,5
9,2,13,23,9,5
9,16,28,23,27,24
22,16,16,25,8,0
4,25,6,10,8,0
10,1,28,9,14,6
10,25,0,11,12,13
25,17,16,17,8,12
28,2,12,21,15,14
11,16,27,9,28,3
8,16,17,26,15,12
18,25,17,2,24,3
24,10,22,26,0,27
18,15,19,9,3,3
10,20,22,26,2,6
20,10,17,4,0,6
22,12,28,6
5,13,28,20
17,7,28,18
25,13,1,21
4,22,21,9
20,27,21,21
16,12,3,9
20,6,10,10
20,13,16,7
14,27,27,7
27,25,28,4
15,6,11,5
2,6,26,7
19,7,11,28
16,13,21,4
5,27,21,4
21,7,15,22
14,13,11,28
17,13,7,16
15,27,22,9
28,13,28,21
13,21,12,7
3,13,27,7
5,13,8,28
22,13,1,21
2,13,16,10
20,12,13,7
3,15,26,17
14,21,1,7
20,27,27,7
2,15,26,20
13,27,13,2
15,13,27,23
15,17,11,23
3,6,22,2
7,21,21,2
3,17,22,9
28,13,22,9
14,21,22,2
6,27,11,5
15,27,27,7
7,27,13,20
9,21,25,7
20,26,18,19
3,27,18,4
15,21,18,2
4,26,20,20
23,27,20,5
4,26,20,7
18,12,11,5
14,26,22,22
18,20,0,23
4,26,11,25
18,27,6,20
25,10,18,17
13,20,1,18
26,12,3,25
17,21,1,12
14,27,11,17
19,21,5,6
12,27,1,12
5,27,2,20
15,27,26,0
13,12,12,22
4,27,1,15
11,6,2,20
1,27,17,20
3,27,27,12
15,27,2,20
20,27,20,5
0,27,6,23
18,26,3,20
12,6,20,20
11,12,3,15
1,27,6,22
13,27,17,7
13,22,3,0
26,27,12,22
9,0,6,22
5,22,3,15
8,6,14,19,0
12,1,21,8,3
10,28,14,19,12
28,28,14,11,17
2,1,21,16,3
26,28,15,11,6
2,22,15,6,24
22,23,11,11,27
22,3,21,19,12
9,8,26,5,12
22,9,0,11,17
12,6,15,9,27
4,14,15,14,3
10,1,6,24,13
12,14,15,14,3
2,22,12,26,0
26,14,0,11,17
23,6,10,10,26
0,20,25,26,0
13,28,10,21,5
13,10,1,26,12
22,21,13,28,5
22,19,21,14,6
8,20,15,11,17
23,8,12,19,0
16,6,6,24,3
14,7,27,25,6
28,8,27,25,24
10,26,7,11
22,27,7,25
3,22,15,14
23,26,9,12
23,26,9,28
21,7,0,14
4,26,11,14
8,20,18,15
8,27,24,12
15,10,7,9
3,20,19,10
24,12,19,1
16,12,21,17
19,20,5,12
7,21,19,4
22,12,0,9
2,27,19,4
5,27,15,21
16,27,7,26
23,27,19,7
22,27,16,4
8,20,1,25
5,27,20,12
10,27,9,26
19,27,24,15
8,26,21,12
20,0,5,22
19,0,5,25
1,12,21,7
3,27,6,28
19,27,24,12
3,2,19,28
3,22,21,21
16,27,1,14
23,12,19,10
28,0,24,14
24,12,21,25
26,6,4,12
24,22,21,7
13,22,9,19,4
17,17,16,8,7
15,15,9,19,16
4,15,9,11,21
15,22,7,6,10
7,17,16,16,7
2,15,10,11,10
9,21,1,10,7
7,9,10,6,28
27,10,6,11,2
27,19,16,19,16
14,24,21,5,16
27,25,24,11,21
17,22,10,9,2
9,1,10,14,7
15,17,1,24,17
17,1,10,14,7
7,9,7,26,4
2,1,24,11,21
28,22,5,10,1
5,7,20,26,4
18,15,5,21,9
18,26,25,26,16
27,8,8,28,9
27,6,16,14,10
13,7,10,11,21
28,24,7,19,4
21,22,1,24,7
19,23,22,25,10
4,24,22,25,28
8,0,26,15,3,16
26,10,25,6,0,21
0,0,25,20,24,14
28,21,23,0,9,14
11,25,10,14,26,11
13,20,27,23,7,0
20,20,26,14,12,19
5,15,15,8,18,4
26,5,12,20,7,19
8,14,15,1,10,18
2,20,20,5,24,22
0,16,27,23,22,14
25,0,15,8,24,4
8,14,15,16,24,22
10,0,10,4,24,14
13,21,0,18,5,21
25,21,11,6,4,21
25,6,26,6,22,11
9,6,14,8,3,16
20,15,4,22,3,16
26,20,26,21,9,22
26,15,27,23,7,0
12,7,14,0,3,28
15,21,10,4,10,1
27,6,25,21,23,19
24,6,15,9,10,28
5,15,15,14,19,19
11,0,20,9,24,14
5,5,17,21,27,19
26,10,20,9,26,22
7,0,15,16,24,22
22,10,21,9,9,26,11,2
22,25,25,10,26,28,21,28
27,6,5,9,0,5,22,5
14,16,10,5,12,2,13,16
4,27,5,0,28,22,13,5
11,23,24,6,0,14,11,20
3,23,16,10,14,17,13,26
13,17,10,3,26,28,13,26
14,16,24,0,6,22,15,23
20,8,17,15,14,5,27,5
14,8,20,21,2,16,4,11
3,23,16,24,14,13,21,28
24,22,7,24,26,28,1,2
13,10,9,15,10,24,13,26
24,22,7,26,20,28,13,26
22,10,24,16,26,23,15,5
21,25,16,1,26,12,21,28
27,9,1,4,22,24
16,19,0,24,19,0
19,9,0,9,14,22
18,1,27,18,28,22
1,5,14,3,16,19
3,0,2,12,26,8
10,0,1,3,2,27
24,24,19,26,8,12
16,14,16,9,26,27
27,23,19,19,0,26
21,0,24,23,14,1
19,25,2,12,12,22
15,9,19,26,14,12
27,23,19,5,14,1
0,9,14,22,14,22
3,1,4,7,24,0
15,1,15,24,23,0
15,15,1,24,12,19
28,15,18,26,22,24
10,24,8,11,22,24
16,0,1,10,28,1
16,24,2,12,26,8
2,16,18,18,22,7
5,1,14,22,0,9
17,15,0,10,13,27
14,15,19,27,0,7
24,24,19,3,9,27
1,9,24,27,14,22
24,14,21,10,17,27
16,19,24,27,16,1
26,9,19,5,14,1
2,3,25,18,20,23
20,13,24,9,17,28
23,3,24,23,12,21
22,24,22,3,26,21
5,28,9,17,14,18
7,23,26,26,24,7
14,23,25,17,0,26
28,18,14,11,6,11
20,8,11,23,24,26
2,17,14,4,27,25
25,23,19,8,12,0
23,19,26,26,10,21
19,3,14,11,12,11
2,17,14,19,12,0
4,3,9,7,12,21
7,24,28,21,22,28
19,24,10,9,21,28
19,9,25,9,10,18
3,9,13,11,20,23
14,18,3,25,20,23
20,23,25,24,26,0
20,18,26,26,24,7
6,10,13,3,20,6
9,24,9,7,27,8
21,9,24,24,11,26
18,9,14,12,27,6
28,18,14,17,7,26
5,3,19,12,12,21
28,8,16,24,15,26
20,13,19,12,14,0
1,3,14,19,12,0
23,24,17,4,0
27,19,24,22,3
25,17,17,4,12
14,17,17,25,17
25,24,15,20,6
17,19,24,1,3
12,17,18,25,6
19,23,9,24,3
17,11,18,20,24
8,21,24,4,12
24,26,0,19,12
8,27,3,25,17
27,24,18,23,27
19,3,18,28,3
25,19,9,9,13
27,3,18,28,3
17,11,15,11,0
12,3,3,25,17
9,24,13,24,26
15,9,28,11,0
28,17,13,6,5
28,28,4,11,12
8,10,16,13,5
8,8,24,28,6
23,9,18,25,17
9,26,15,4,0
2,24,9,9,3
0,25,1,10,6
14,26,1,10,24
0,26,17,0
12,27,17,14
22,22,25,3
13,26,19,1
0,20,11,25
3,27,19,15
13,26,19,17
27,12,10,15
23,26,21,3
27,20,28,4
13,26,10,6
22,20,0,28
14,12,0,19
26,21,0,22
23,27,10,27
12,12,10,27
28,21,4,16
21,27,0,22
24,27,25,10
22,12,11,3
6,27,17,15
13,27,0,25
10,27,16,1
12,27,26,22
27,20,11,14
24,27,1,1
0,27,19,15
9,27,5,4
27,26,2,1
10,0,15,11
21,6,19,1
27,12,16,1
20,12,2,25
10,27,5,3
22,27,16,17
9,27,5,1
23,6,10,10
22,2,0,17
10,20,11,25
22,22,2,10
6,27,11,3
21,6,11,25
13,12,0,28
22,12,16,1
6,0,4,22
16,6,14,1
14,22,2,25
15,25,24,12,3
19,20,2,1,6
17,18,24,12,15
6,18,24,4,20
17,25,22,28,9
9,20,2,9,6
4,18,25,4,9
11,24,16,3,6
9,12,25,28,27
0,13,21,4,1
0,22,2,12,15
16,27,7,27,15
0,28,10,4,20
19,25,25,2,1
11,4,25,7,6
17,20,16,17,16
19,4,25,7,6
9,12,22,19,3
1,25,20,3,0
7,10,6,19,3
20,18,20,14,8
20,0,11,19,15
0,11,23,21,8
15,10,25,4,20
1,27,22,12,3
23,25,16,17,6
21,26,8,18,9
6,27,8,18,27
28,18,25,9,18,1,17,17
28,4,0,10,6,3,27,14
4,14,9,9,9,9,28,20
20,24,14,5,21,6,19,2
10,6,9,0,8,26,19,20
17,2,28,6,9,18,17,6
9,2,20,10,23,21,19,12
19,25,14,3,6,3,19,12
20,24,28,0,15,26,21,9
26,16,21,15,23,9,4,20
20,16,24,21,11,20,10,26
9,2,20,24,23,17,27,14
1,1,11,24,6,3,7,17
19,18,13,15,19,28,19,12
1,1,11,26,0,3,19,12
28,18,28,16,6,27,21,20
27,4,20,1,6,16,27,14
17,20,15,6,12
21,15,22,24,15
19,13,15,6,24
8,13,15,27,0
19,20,13,22,18
11,15,22,3,15
6,13,16,27,18
13,19,7,26,15
11,7,16,22,7
2,8,12,27,10
2,17,22,6,24
18,22,27,21,24
2,23,1,27,0
21,20,16,25,10
13,28,16,1,15
19,15,7,11,25
21,28,16,1,15
11,7,13,13,12
6,28,1,27,0
3,20,11,26,9
9,5,26,13,12
22,13,11,8,17
22,24,2,13,24
2,6,14,15,17
2,4,22,1,18
17,5,16,27,0
3,22,13,6,12
25,20,7,11,15
23,21,28,12,18
8,22,28,12,7
18,6,16,18,21
22,1,23,7,24
20,28,16,18,4
9,28,16,10,9
20,6,14,5,27
12,1,23,15,24
7,28,17,10,27
14,5,8,9,24
12,22,17,5,16
3,23,13,10,19
3,3,23,18,4
19,8,28,4,4
3,9,2,10,9
22,6,17,8,19
14,14,17,13,24
20,1,8,23,5
22,14,17,13,24
12,22,14,25,21
7,14,2,10,9
4,6,12,9,18
10,20,27,25,21
23,28,12,20,26
23,10,3,25,4
3,21,15,27,26
3,19,23,13,27
18,20,17,10,9
26,6,8,23,24
24,28,3
7,27,20,25
19,28,20,10
2,22,20,8
20,13,8,28
7,21,14,21
10,28,22,11
20,27,22,13
18,8,13,28
1,27,24,28
20,27,13,2
5,28,8,26
28,13,19,26
12,11,20,23
4,22,3,18
1,28,13,23
19,13,13,23
28,28,3,18
21,28,4,26
13,28,20,11
20,28,3,21
27,7,4,26
5,21,14,10
2,28,4,26
7,28,22,11
16,28,8,0
5,27,5,26
28,7,22,26
27,13,5,21
17,28,8,28
16,28,8,26
17,3,14,28
13,28,14,28
20,13,3,24
25,1,8,28
23,7,17,26
21,23,5,21
24,3,11,9
26,2,3,18
5,8,5,21
15,7,5,23
13,17,25,9
0,22,25,21
25,7,7,9
15,7,25,12
7,20,3,4
24,1,15,5
8,22,17,12
28,2,15,28
25,8,25,4
14,22,25,4
1,2,19,22
23,8,15,28
26,8,11,16
24,22,26,9
15,8,15,2
22,16,16,7
13,20,20,7
26,8,16,7
0,7,17,7
12,10,1,17
23,16,5,7
11,10,1,20
22,22,17,2
12,8,20,9
24,8,2,23
24,12,15,23
16,16,25,2
24,3,17,16
12,12,26,9
8,8,26,9
23,16,26,2
24,22,2,7
18,16,0,7
12,10,20,9
27,22,3
0,22,4,0,10
4,17,11,18,13
2,15,4,0,22
20,15,4,21,27
23,17,11,26,13
18,15,5,21,16
25,21,25,20,13
23,9,5,16,5
14,10,1,21,8
14,19,11,0,22
1,24,16,15,22
14,25,19,21,27
4,22,5,19,8
25,1,5,24,13
2,17,25,5,23
4,1,5,24,13
23,9,2,7,10
18,1,19,21,27
15,22,0,20,7
21,7,15,7,10
5,15,0,2,15
5,26,20,7,22
14,8,3,9,15
14,6,11,24,16
0,7,5,21,27
15,24,2,0,10
8,22,25,5,13
6,23,17,6,16
20,24,17,6,5
21,13,8,9
21,28,23,11
11,14,8,23
21,13,8,25
19,23,28,11
6,28,28,23
21,13,28,14
6,14,23,9
0,28,5,9
1,7,18,7
22,28,18,27
14,28,20,14
17,7,4,9
2,14,28,6
0,14,18,1
3,14,14,18
1,28,0,11
14,14,6,23
21,14,18,4
28,22,19,9
18,14,5,9
6,7,0,22
19,26,23,9
8,14,8,23
17,14,23,12
6,28,5,9
28,28,20,4
17,14,23,9
2,22,28,18
1,18,18,25
18,7,0,4
22,22,28,4
1,9,20,18
18,18,0,11
14,14,0,11
21,28,18,7
26,16,23,11
1,28,5,9
24,22,3,9
18,16,23,11
22,9,20,4
8,9,3,18,9,12,13,17,22,1,12
25,14,18,2,6,11,21,17,23,23,21
20,9,16,7,18,7,6,23,1,3,7
2,13,13,9,25,20
20,23,12,0,22,25
23,13,12,14,17,18
22,5,10,23,2,18
5,9,26,8,19,15
7,4,14,17,0,4
14,4,13,8,5,23
28,28,2,2,11,8
20,18,28,14,0,23
2,27,2,24,3,22
25,4,7,28,17,26
23,0,14,17,15,18
19,13,2,2,17,8
2,27,2,10,17,26
4,13,26,27,17,18
7,5,16,12,27,25
19,5,27,0,26,25
19,19,13,0,15,15
3,19,1,2,25,20
14,28,20,16,25,20
20,4,13,15,2,26
20,28,14,17,0,4
6,20,1,23,25,3
9,5,26,27,3,5
21,19,12,15,16,23
18,19,2,3,3,3
28,28,2,8,12,23
5,13,7,3,17,18
28,18,4,15,20,23
20,23,7,3,19,26
1,13,2,10,17,26
0,23,0,13,19,16,1
27,23,5,8,13,11,1
8,11,1,6,19,13,4
10,23,0,18,5,27,1
4,2,0,17,4,7,0
6,9,19,19,28,28,22
14,11,4,8,27,23,1
12,9,1,4,13,8,25
1,9,4,13,19,8,3
17,11,11,18,21,19,10
23,23,15,13,14,28,25
2,25,19,0,19,8,3
13,23,7,3,27,28,25
17,2,11,28,17,26,22
2,28,2,18,27,28,4
2,25,25,19,21,28,25
1,8,25,13,17,28,25
12,9,11,8,7,27,1
0,23,15,28,7,2,1
0,23,0,5,27,16,1
17,9,0,3,1,7,27
23,23,5,7,4,14,22
4,8,17,17,4,22,0
28,27,7,3,13,7,10
2,25,17,10,24,28,25
12,5,2,8,21,19,10
2,11,16,23,13,12,1
1,23,12,25,28,15,5
28,23,17,20,22,10,5
9,11,13,18,28,12,8
11,23,12,1,14,26,5
5,2,12,0,13,6,4
7,9,2,2,8,27,26
15,11,16,20,7,22,5
13,9,13,16,22,7,0
2,9,16,25,28,7,7
18,11,23,1,1,18,14
24,23,27,25,23,27,0
3,25,2,12,28,7,7
14,23,19,15,7,27,0
18,2,23,11,26,25,26
3,28,14,1,7,27,8
3,25,8,2,1,27,0
2,8,8,25,26,27,0
13,9,23,20,16,26,5
1,23,27,11,16,1,5
1,23,12,17,7,15,5
18,9,12,15,10,6,2
24,23,17,19,13,13,26
5,8,0,0,13,21,4
0,27,19,15,22,6,14
3,25,0,22,4,27,0
13,5,14,20,1,18,14
3,11,28,6,22,11,5
6,2,16,2,9,12,14
4,2,21,26,3,7,14
14,19,17,24,9,9,17
16,2,16,7,24,23,14
10,10,16,6,23,3,13
12,17,6,8,18,24,6
20,19,20,26,17,19,14
18,17,17,22,3,4,9
7,17,20,2,9,4,16
23,19,27,7,11,15,23
0,2,2,2,4,24,9
8,4,6,18,9,4,16
19,2,23,21,17,24,9
23,10,27,17,7,22,6
8,7,18,7,17,24,17
8,4,12,8,11,24,9
7,16,12,2,7,24,9
18,17,27,26,26,23,14
6,2,2,17,26,27,14
6,2,16,23,17,12,14
23,17,16,21,20,3,11
0,2,21,25,23,10,6
10,16,4,6,23,18,13
5,6,23,21,3,3,23
8,4,4,28,14,24,9
18,13,18,26,11,15,23
8,19,3,12,3,8,14
3,14,6,20,10,24,21,24,18
3,20,0,11,6,3,6,12,13
28,5,4,9,15,27,20,26,10
27,14,0,24,25,24,6,25,18
3,5,5,11,6,3,6,14,10
5,22,5,12,12,22,14,12,21
19,14,4,23,4,0,28,12,13
24,19,6,27,12,27,0,27,3
27,14,1,3,13,3,28,20,15
13,19,21,17,14,9,20,26,10
27,19,5,17,14,18,28,12,13
24,19,14,22,14,3,10,12,21
24,19,20,12,12,9,14,20,15
13,0,1,9,26,24,6,25,18
24,19,28,8,6,22,5,14,10
19,9,25,7,6,3,6,12,13
19,28,5
7,10,12,28,13,20
25,20,11,19,10,25
28,10,11,4,5,18
27,2,9,13,19,18
10,6,25,27,7,15
12,1,13,7,17,4
19,1,12,27,22,23
4,25,1,21,28,8
25,15,27,4,17,23
7,24,1,14,20,22
1,1,6,18,5,26
28,26,13,7,3,18
24,10,1,21,5,8
7,24,1,0,5,26
9,10,25,17,5,18
12,2,15,2,15,25
24,2,26,19,14,25
24,16,12,19,3,15
8,16,0,21,13,20
19,25,19,6,13,20
25,1,12,5,19,26
25,25,13,7,17,4
11,17,0,13,13,3
14,2,25,17,20,5
26,16,11,5,4,23
23,16,1,22,20,3
4,25,1,27,0,23
10,10,6,22,5,18
4,15,3,5,8,23
25,20,6,22,7,26
6,10,1,0,5,26
24,12,11,27
17,8,19,1
19,7,11,10
8,27,28,1
24,6,5,23
27,13,13,13
6,22,4,1
22,27,4,13
18,12,15,1
22,13,28,28
16,27,10,28
0,25,11,25
17,6,23,26
9,27,23,17
1,27,25,4
4,6,9,28
21,7,23,20
7,27,4,25
23,7,27,14
16,13,23,20
9,13,24,28
17,27,5,1
8,13,23,23
5,13,10,28
7,13,20,20
22,6,5,12
6,25,28,28
19,13,24,28
4,13,28,2
22,12,25,28
16,21,13,28
22,27,10,28
15,27,25,23
5,13,28,1
4,13,28,28
18,21,4,8
5,6,5,23
9,21,4,23
17,8,25,8
16,21,5,23
8,27,23,26
17,27,10,28
1,15,27,20
9,27,25,12
11,21,8,28
5,15,28,1
6,23,12,27
28,19,20,1
1,18,12,10
19,23,14,28
6,17,6,23
9,24,14,13
0,23,16,1
4,17,23,2
19,23,5,4
4,24,0,28
27,9,11,28
11,7,12,25
28,17,24,26
20,9,24,17
12,9,26,4
15,17,10,28
0,24,5,25
18,9,5,25
5,18,28,14
27,24,24,20
1,24,20,8
28,9,6,1
19,24,24,23
26,3,25,28
16,24,11,28
4,17,6,12
17,7,0,28
6,24,14,13
15,24,0,2
4,23,26,28
16,26,10,9
27,3,14,28
4,9,11,28
15,26,10,12
28,24,11,15
15,24,0,28
16,17,6,23
28,19,26,8
16,28,6,1
27,3,6,23
19,9,24,26
28,9,11,28
12,26,28,20
22,3,9,28
16,26,0,1
22,13,12,27,9,5,19
20,13,17,22,3,0,19
1,1,13,20,9,2,22
3,13,12,3,24,16,19
26,21,12,2,23,25,18
28,28,2,4,18,17,11
7,1,16,22,17,12,19
5,28,13,18,3,26,14
23,28,16,27,9,26,21
10,1,23,3,11,8,28
16,13,27,27,4,17,14
24,15,2,14,9,26,21
6,13,19,17,17,17,14
10,21,23,13,7,15,11
24,18,14,3,17,17,22
24,15,8,4,11,17,14
23,27,8,27,7,17,14
5,28,23,22,26,16,19
22,13,27,13,26,20,19
22,13,12,19,17,5,19
10,28,12,17,20,25,16
16,13,17,21,23,3,11
26,27,0,2,23,11,18
21,17,19,17,3,25,28
24,15,0,24,14,17,14
5,24,14,22,11,8,28
24,1,28,8,3,1,19
24,7,0,24,27
9,8,0,24,16
23,20,16,14
6,21,16,28
16,16,24,17
18,15,16,26
23,14,10,10
26,21,18,0
7,20,18,2
21,6,9,0
21,14,27,18
7,20,9,20
21,21,4,15
28,4,16,12
8,6,28,4
20,15,28,7
17,21,9,12
17,21,16,10
15,21,28,7
16,6,10,17
7,21,28,10
4,21,15,15
6,21,25,7
21,14,10,28
18,21,0,15
23,21,18,0
3,21,4,18
21,20,1,15
21,6,15,15
3,23,14,28
4,21,4,17
16,21,15,2
3,21,4,15
17,0,9,24
16,25,28,2
16,16,1,24
4,25,10,17
0,21,10,17
15,0,10,10
7,6,28,13
12,23,4,17
0,23,3,7
10,0,13,15
4,23,4,17
25,8,3,2
12,8,26,20
11,1,17,10
11,28,17,6,16,13,16,16,28,23,19
28,4,3,19,13,12,24,16,16,28
23,28,1,24,25,8,9,22,7,25,14
28,5,6,19,21,28,15,20,6,27,11
8,7,11,25
4,5,19,26,25,8,19,1
9,1,3,26,16,16,1,4
25,11,8,22,28,13,21,15
15,22,3,17,15,4,21,4
22,18,22,23,16,25,19,19
14,18,14,27,1,28,21,25
24,12,8,20,13,10,21,25
25,11,22,17,22,4,23,22
2,3,15,3,1,16,6,4
25,3,18,9,18,27,12,10
6,17,5,12,13,10,9,1
24,5,7,3,26,6,21,25
6,17,5,14,7,10,21,25
25,11,19,9,26,27,12,10
4,5,22,4,13,5,23,4
1,8,13,14,23,19,1,22
4,20,23,27,13,10,27
18,22,18,15,19,10
14,18,14,12,1,24,27
3,20,14,18,13,23,27
0,21,14,2,0,13,7,11
0,7,18,3,17,15,17,8
5,17,27,2,20,21,18,14
21,27,3,27,3,18,9,25
11,9,27,22,19,9,9,14
18,5,17,28,20,1,7,0
25,5,17,23,19,24,17,20
10,5,9,3,5,4,9,6
20,28,3,25,17,15,9,6
21,27,17,22,26,9,11,3
27,19,10,8,5,21,23,14
21,19,13,14,22,3,0,20
10,5,9,17,5,0,17,8
2,4,0,17,17,15,26,11
20,21,2,8,1,11,9,6
2,4,0,19,11,15,9,6
21,27,14,14,1,3,0,20
0,21,17,9,17,10,11,14
28,7,9,23,17,28,17,8
26,24,8,19,27,24,18,3
6,23,16,11,13
10,18,23,0,16
8,16,16,11,25
26,16,16,3,1
8,23,14,27,19
0,18,23,8,16
24,16,17,3,19
2,22,8,2,16
0,10,17,27,8
20,11,13,3,11
20,20,23,11,25
7,25,28,26,25
20,26,2,3,1
10,23,17,1,11
2,2,17,6,16
15,23,17,12,11
8,18,8,16,26
10,2,17,6,16
0,10,14,18,13
21,23,12,2,10
27,8,27,18,13
11,16,12,13,18
11,27,3,18,25
20,9,15,20,18
20,7,23,6,19
6,8,17,3,1
21,25,14,11,13
14,23,8,16,16
25,27,9,11,13
12,24,0,17,19
26,25,0,17,8
15,2,27,6,16
26,7,5,5,8
0,8,0,16,19
17,26,19,24,19
21,21,26,13,22
19,19,19,24,2
8,19,19,16,7
19,26,17,11,25
11,21,26,21,22
6,19,20,16,25
13,25,11,15,22
11,13,20,11,14
2,14,16,16,17
2,23,26,24,2
18,28,2,10,2
2,0,5,16,7
21,26,20,14,17
13,5,20,19,22
26,26,20,25,17
19,21,11,0,3
21,5,20,19,22
11,13,17,2,19
6,5,5,16,7
3,26,15,15,16
9,11,1,2,19
22,19,15,26,24
22,1,6,2,2
